1 2 1.5 3 1.5 7 1.5 
2 4 1.5 9 1.5 
3 5 1.5 11 1.0 
4 6 1.5 14 1.0 
5 6 1.5 16 1.0 
6 15 1.0 
7 8 1.5 12 1.0 
8 10 1.5 17 1.5 
9 10 1.5 13 1.0 
10 19 1.5 
11 
12 
13 
14 
15 
16 
17 18 1.5 21 1.0 
18 20 1.5 23 1.5 
19 20 1.5 22 1.0 
20 25 1.5 
21 
22 
23 24 1.5 27 1.0 
24 26 1.5 29 1.5 
25 26 1.5 28 1.0 
26 31 1.5 
27 
28 
29 30 1.5 33 1.0 
30 32 1.5 34 1.0 
31 32 1.5 36 1.0 
32 35 1.0 
33 
34 
35 
36 
37 38 1.5 39 1.5 43 1.5 
38 40 1.5 45 1.5 
39 41 1.5 47 1.0 
40 42 1.5 50 1.0 
41 42 1.5 52 1.0 
42 51 1.0 
43 44 1.5 48 1.0 
44 46 1.5 53 1.5 
45 46 1.5 49 1.0 
46 55 1.5 
47 
48 
49 
50 
51 
52 
53 54 1.5 57 1.0 
54 56 1.5 59 1.5 
55 56 1.5 58 1.0 
56 61 1.5 
57 
58 
59 60 1.5 63 1.0 
60 62 1.5 65 1.5 
61 62 1.5 64 1.0 
62 67 1.5 
63 
64 
65 66 1.5 69 1.0 
66 68 1.5 70 1.0 
67 68 1.5 72 1.0 
68 71 1.0 
69 
70 
71 
72 
